156 478627.09416
611 972 79 53 
2 669 697 
380 173 911 218 595 368 994 141 957 
3 582 263 196 801 13 317 
4 186 802 67 714 387 795 
776 804 338 403 151 536 109 735 757 
271 924 505 94 766 726 
6 673 417 384 78 420 893 153 
817 867 334 34 551 604 159 226 799 831 182 744 608 221 
881 39 643 158 259 113 433 
8 205 423 106 48 842 
340 688 940 250 531 765 478 790 836 115 302 
306 281 322 820 296 269 168 
18 278 58 199 396 527 648 
9 953 785 90 
10 95 879 652 964 623 541 
392 209 208 295 43 192 156 921 
11 27 361 654 570 662 590 
377 139 181 46 73 438 
15 649 410 313 
835 178 246 
248 319 404 497 507 614 70 92 506 978 103 83 406 
16 37 108 450 400 432 485 650 214 257 86 745 
17 625 770 935 222 447 54 557 661 
422 213 444 912 284 
52 93 610 416 454 429 780 434 
207 427 224 291 
547 428 859 412 942 128 877 132 
116 894 216 309 882 574 294 509 460 555 
20 457 803 546 
999 56 687 895 
528 236 597 730 759 722 136 529 
22 672 366 513 907 69 140 185 970 
962 466 641 241 566 121 385 
204 172 28 526 130 339 99 
133 231 365 258 197 858 663 72 
913 399 583 270 
102 55 251 789 463 495 29 413 723 997 
23 762 981 166 968 558 580 
25 988 520 749 193 187 371 502 
740 307 562 
596 897 120 711 775 832 154 163 283 394 
549 287 901 119 255 938 369 
523 731 525 184 620 33 
470 1 36 700 926 435 
948 658 718 
969 61 189 459 843 946 631 
628 840 277 677 979 332 
534 522 696 382 619 
30 977 667 
31 510 717 194 379 42 
581 117 219 980 934 854 138 982 430 872 
32 131 524 299 758 292 865 
318 104 398 956 
535 211 390 191 
771 702 253 353 857 712 98 
234 345 612 693 443 482 91 863 936 769 
169 122 491 761 348 781 
544 709 152 572 519 498 834 357 177 127 
472 1000 89 963 118 559 232 
476 902 609 752 633 951 85 
63 816 651 111 247 
830 653 419 324 415 145 
242 391 409 899 333 622 
44 841 856 303 698 249 540 359 561 
47 642 343 678 372 129 
920 996 975 279 425 467 237 995 
49 488 794 928 290 600 738 112 
550 750 280 
746 828 486 632 458 378 807 
51 170 405 821 880 862 217 265 592 331 411 
784 171 839 164 442 
243 503 347 
591 62 656 499 890 985 655 
198 543 223 282 701 475 565 
301 210 515 335 739 571 674 
45 914 
967 
64 229 554 626 666 992 
65 686 567 876 439 910 202 
66 961 5 593 142 704 494 
618 276 664 268 493 577 
774 682 708 599 637 167 729 772 
753 
77 285 724 12 589 617 511 
659 
710 512 809 165 239 288 646 734 
342 305 376 815 783 461 918 
760 206 161 853 668 743 174 254 
84 681 905 624 782 
909 603 705 703 917 200 24 
791 96 310 212 356 747 
518 446 401 57 553 504 965 274 337 873 
149 602 987 860 586 266 
883 751 933 
833 851 80 
660 691 952 721 480 986 598 848 
88 885 441 233 183 490 819 320 
947 563 736 455 
101 479 203 715 683 
105 742 900 160 575 694 418 943 812 
107 436 144 483 548 773 889 
110 452 861 180 195 998 829 616 665 
124 375 983 579 824 74 
748 786 329 892 639 671 289 
670 690 440 634 489 397 358 689 606 
123 179 35 
393 244 426 59 805 737 328 
220 906 323 990 336 594 896 939 
875 675 516 891 569 76 
147 621 800 125 919 
126 275 402 453 864 845 286 100 585 
960 68 19 50 
134 449 728 97 
71 971 680 
227 389 517 941 814 788 
806 114 474 884 636 958 874 756 150 351 
627 908 445 
887 414 930 148 256 719 473 431 
143 14 823 157 
395 60 810 564 
768 778 797 844 364 
741 767 264 175 813 321 260 
155 462 945 465 825 468 949 
587 925 188 492 950 846 
955 818 684 297 973 537 713 
481 779 539 937 966 
162 311 355 959 41 552 521 777 
850 451 82 954 630 573 
870 267 888 692 471 716 245 
991 944 695 228 798 360 362 330 560 
764 201 456 262 
240 793 215 568 576 903 
644 87 75 496 137 640 
484 235 273 915 
354 545 367 635 381 615 645 886 
993 408 827 530 916 699 
601 424 733 312 
135 316 898 190 852 732 
352 727 849 373 826 
230 707 629 383 421 811 
225 613 261 448 796 7 
238 327 932 487 21 638 
607 792 81 26 
252 866 787 38 298 725 514 588 
272 871 350 685 341 676 
176 976 533 388 837 923 
293 855 556 657 469 869 822 847 
300 931 974 878 984 374 308 
501 349 363 755 532 315 146 679 
304 314 763 386 407 927 500 808 
325 720 346 508 754 40 
584 437 838 706 578 605 370 344 
989 904 542 868 
929 464 922 538 326 647 
477 
